0:
.##
##.
###

1:
..#
.##
##.

2:
###
.##
..#

3:
###
..#
###

4:
###
###
..#

5:
###
.#.
###

47x48: 59 59 54 61 53 61
40x36: 17 35 30 26 24 23
38x41: 36 44 38 37 38 48
45x44: 28 51 42 26 31 32
47x44: 60 41 68 54 52 42
36x42: 39 37 49 38 35 36
47x40: 45 49 49 53 47 47
44x44: 35 57 68 51 45 47
38x47: 38 54 57 38 46 46
37x41: 31 22 22 22 26 32
37x46: 34 26 24 32 27 36
44x43: 53 43 50 52 43 49
40x42: 40 32 20 28 33 29
41x38: 37 42 43 38 33 48
35x36: 17 33 22 12 26 22
50x50: 63 63 61 63 65 69
41x50: 63 47 60 36 47 62
37x43: 47 37 28 37 44 49
41x36: 42 40 37 36 38 35
44x38: 42 54 46 41 42 36
40x46: 56 54 45 37 50 43
41x50: 40 34 39 26 36 32
35x37: 26 35 39 39 28 34
35x41: 24 23 19 23 21 32
41x40: 40 38 46 55 36 37
48x41: 39 38 24 31 39 37
45x43: 42 32 33 31 38 34
40x43: 49 35 42 41 51 44
39x38: 34 27 23 23 33 16
44x40: 51 49 38 38 53 42
39x37: 40 40 35 27 35 46
38x44: 18 34 27 25 34 30
47x41: 45 47 57 44 49 55
49x40: 33 36 43 26 35 34
49x35: 43 42 40 42 54 42
37x44: 45 37 59 34 32 45
50x48: 42 42 47 34 45 46
42x40: 33 31 28 31 31 28
50x35: 29 34 30 24 29 30
43x42: 41 57 46 47 39 51
37x48: 53 49 41 44 46 41
38x41: 48 45 38 36 32 42
49x45: 47 40 37 32 39 44
48x42: 47 39 32 43 36 27
49x44: 60 47 64 51 50 59
40x40: 41 50 26 42 44 44
36x47: 47 43 40 47 39 44
37x36: 37 41 33 30 37 29
37x40: 25 28 16 28 28 30
36x37: 34 36 42 27 36 32
44x47: 44 32 33 29 35 37
37x43: 56 40 34 39 37 38
39x39: 41 32 37 42 39 41
38x40: 42 34 47 36 38 37
35x36: 28 18 18 23 18 27
44x45: 35 43 28 35 34 35
38x48: 55 38 38 39 51 56
35x45: 48 39 31 43 42 38
40x44: 31 23 33 28 31 35
48x45: 52 55 67 54 53 53
42x37: 38 27 35 50 46 39
43x39: 22 43 31 25 29 31
43x49: 46 44 37 28 33 36
49x48: 62 49 53 71 68 55
42x39: 27 30 29 33 35 27
43x48: 38 47 32 32 31 44
39x35: 35 43 31 32 36 35
39x50: 37 37 35 33 34 31
47x42: 33 28 45 40 29 34
39x41: 27 29 25 31 37 19
46x49: 62 71 52 59 57 49
44x35: 22 26 23 25 24 34
47x48: 34 35 37 36 59 38
46x36: 37 47 48 34 42 49
50x39: 57 42 42 55 64 37
48x37: 41 55 43 44 56 37
35x39: 24 27 22 20 19 30
47x43: 52 55 44 43 66 51
35x48: 40 44 49 50 35 42
43x43: 54 48 33 54 48 46
43x42: 26 35 29 35 26 45
41x45: 40 58 47 47 51 44
40x40: 43 50 42 41 38 35
47x39: 50 46 46 37 48 55
41x37: 42 38 43 37 33 41
36x37: 36 32 44 33 20 41
43x43: 31 27 40 29 36 33
47x43: 34 36 37 38 26 39
42x46: 29 40 41 36 30 34
38x38: 38 34 46 43 28 34
44x37: 40 31 51 29 58 40
40x47: 33 41 38 20 32 30
36x43: 43 39 44 41 35 37
43x38: 46 33 42 40 36 52
50x43: 28 29 36 39 42 49
42x47: 42 51 51 54 51 55
43x41: 47 54 45 48 28 52
37x37: 26 27 15 19 22 35
44x47: 57 59 46 38 58 61
48x43: 50 51 58 49 55 55
44x44: 49 39 57 36 58 57
41x39: 44 43 41 36 38 45
35x50: 25 33 36 22 33 26
45x40: 41 46 45 48 46 51
36x48: 22 27 39 34 27 43
43x37: 25 26 33 27 28 29
42x41: 24 30 26 33 38 31
35x40: 25 28 26 18 21 24
48x36: 43 52 42 42 38 51
36x43: 36 21 30 35 20 25
35x42: 39 39 39 39 34 37
43x50: 34 35 39 42 34 40
45x41: 34 31 38 31 38 23
42x42: 38 40 43 50 51 48
44x46: 64 57 51 53 51 37
44x48: 58 54 54 55 46 58
39x50: 28 42 40 29 39 30
37x36: 35 20 21 25 23 20
35x47: 33 30 23 28 27 23
45x45: 50 61 43 54 49 56
48x46: 64 50 57 53 62 52
39x40: 33 33 38 43 44 47
47x44: 38 39 27 34 28 44
48x35: 37 43 39 45 44 50
47x38: 48 49 39 44 49 46
46x36: 45 40 46 42 37 45
46x35: 43 34 35 38 42 53
50x35: 37 46 40 49 58 39
46x40: 44 51 59 50 38 44
46x37: 44 45 33 48 45 46
40x37: 32 32 23 25 19 24
40x35: 33 37 35 32 42 37
40x46: 41 28 24 28 35 39
48x46: 60 61 54 55 56 55
44x45: 29 31 46 37 32 35
45x50: 29 34 47 38 52 39
37x45: 38 40 44 48 35 51
50x49: 36 41 41 46 46 45
49x40: 42 41 22 29 41 32
43x46: 31 28 37 38 34 42
38x46: 26 27 39 28 30 30
50x45: 63 50 42 55 61 71
41x42: 30 32 31 30 34 24
39x43: 43 42 43 52 45 33
44x49: 67 56 53 64 43 49
49x45: 43 43 42 38 42 31
47x44: 39 32 44 31 38 26
38x49: 42 33 51 50 62 45
48x42: 42 31 32 44 43 32
47x41: 46 46 44 47 54 58
39x49: 62 52 54 43 42 43
37x49: 39 44 49 47 40 60
40x44: 49 49 50 39 36 50
41x49: 30 33 33 34 39 39
37x48: 50 49 48 44 50 34
38x41: 29 24 23 20 30 30
47x39: 48 43 45 51 53 41
45x36: 55 41 40 41 37 35
38x44: 28 26 29 28 22 34
39x45: 25 30 36 34 42 28
45x50: 53 59 65 66 48 57
50x48: 67 57 47 63 71 61
43x46: 45 24 29 40 39 32
48x45: 48 44 32 43 33 39
37x44: 41 38 50 39 47 36
49x36: 33 40 33 27 32 26
50x48: 44 44 45 35 40 47
42x50: 42 51 65 56 64 46
47x47: 56 55 45 54 68 60
38x43: 32 41 46 46 39 48
40x41: 37 43 49 41 40 44
39x42: 35 34 36 48 48 48
44x42: 59 43 52 50 36 44
42x48: 41 55 64 60 44 49
41x39: 44 40 34 48 31 48
50x47: 54 66 57 57 56 73
43x42: 29 20 30 33 33 50
41x47: 45 48 54 52 38 60
37x50: 52 45 52 45 46 45
50x39: 49 43 56 53 54 44
37x45: 29 29 31 33 29 28
46x44: 30 35 34 36 34 40
39x36: 38 39 28 36 40 35
38x41: 26 23 33 32 25 16
46x44: 53 56 54 55 40 55
46x38: 45 36 53 34 58 42
42x36: 38 45 41 41 33 37
44x50: 58 60 51 53 53 64
47x42: 50 53 47 51 57 46
48x41: 51 44 43 65 50 47
49x46: 47 35 34 51 34 38
46x50: 38 49 36 42 43 31
38x43: 36 30 25 18 30 28
39x43: 32 34 29 29 31 27
38x44: 21 35 36 28 25 23
39x47: 53 38 48 51 42 48
37x50: 37 30 30 35 31 29
39x44: 41 56 47 40 46 38
49x41: 53 47 43 66 54 44
45x49: 37 27 53 46 42 35
48x44: 55 46 49 49 68 55
37x37: 34 41 25 36 41 34
41x37: 33 26 18 23 25 31
49x39: 49 50 46 56 34 59
36x36: 27 20 27 18 34 17
41x39: 35 30 24 27 32 21
35x47: 47 44 37 45 41 39
45x41: 42 32 32 36 28 25
39x40: 40 49 33 41 43 36
39x48: 34 32 34 33 45 29
47x36: 28 30 35 32 31 23
42x50: 72 49 47 45 60 48
50x50: 38 40 38 50 48 42
43x42: 39 33 37 22 34 31
41x46: 49 55 54 32 56 47
42x40: 37 42 39 48 45 47
37x39: 36 32 39 33 40 41
47x42: 62 53 39 45 50 54
45x45: 51 45 53 52 51 58
38x48: 50 49 36 40 51 54
36x42: 26 28 22 28 31 32
49x38: 42 48 57 54 48 39
48x44: 50 51 53 58 51 61
44x37: 35 54 40 40 33 52
36x40: 21 32 19 29 28 27
38x41: 24 26 30 23 30 22
42x39: 41 36 45 49 34 46
41x46: 47 43 50 49 46 54
44x37: 34 29 23 23 32 27
50x43: 50 62 55 56 55 55
40x42: 36 38 47 39 46 52
38x47: 38 42 61 42 54 39
35x48: 39 29 46 47 46 48
38x50: 50 56 44 47 52 45
46x35: 53 38 47 47 36 27
36x43: 45 28 47 33 38 45
47x35: 29 36 29 22 29 20
48x41: 29 40 42 37 35 24
36x49: 35 37 35 20 27 38
50x42: 46 46 54 64 57 54
44x36: 40 27 26 29 24 22
39x46: 37 33 37 24 32 31
36x49: 23 32 35 32 31 38
47x42: 46 39 45 57 51 62
46x38: 31 55 44 59 39 44
38x44: 38 44 44 43 56 33
48x39: 37 29 44 40 24 34
43x43: 27 39 30 30 44 26
49x38: 51 42 47 48 48 49
48x37: 34 54 54 43 42 50
49x35: 32 29 28 28 37 22
37x49: 24 33 40 35 25 35
43x47: 39 43 54 56 54 63
47x36: 48 40 40 33 53 45
50x43: 66 59 53 53 61 40
38x40: 34 40 44 42 39 36
40x48: 22 36 43 30 40 36
38x46: 53 45 43 41 40 47
49x42: 56 44 56 60 47 52
47x47: 64 48 51 56 55 63
43x43: 41 54 42 46 49 54
37x45: 38 42 54 39 42 43
37x44: 37 35 37 44 44 51
49x49: 47 45 42 44 39 39
46x50: 68 65 59 55 50 59
39x40: 24 30 33 29 23 30
46x49: 55 55 64 51 67 55
44x38: 29 21 31 31 27 29
47x48: 67 51 70 59 49 51
44x37: 18 34 34 24 26 32
38x38: 36 39 38 44 35 31
38x41: 47 46 36 41 45 26
45x46: 43 58 58 64 46 52
36x37: 33 36 42 33 39 24
40x50: 30 42 23 41 38 34
36x36: 39 34 26 37 33 30
46x43: 61 52 43 57 48 43
41x38: 20 32 28 24 23 29
46x35: 49 53 38 38 38 35
42x50: 27 35 52 37 36 37
36x46: 41 50 49 36 43 39
40x43: 26 29 32 45 25 25
50x39: 53 43 48 47 60 47
48x36: 31 51 50 49 46 42
37x36: 37 41 27 31 32 38
36x35: 31 33 30 42 26 32
39x49: 55 49 47 56 43 44
35x45: 28 20 37 25 26 29
43x40: 45 20 18 31 30 37
47x37: 50 35 45 31 46 58
46x35: 40 44 44 38 42 41
50x43: 64 62 56 50 48 53
42x39: 40 32 40 45 43 49
47x44: 43 22 37 37 31 39
44x45: 37 38 36 35 31 33
45x48: 50 69 53 54 58 52
49x45: 55 65 57 50 55 60
35x37: 20 30 19 24 21 17
42x46: 32 32 32 37 33 43
44x37: 18 38 26 22 32 31
43x50: 39 37 28 45 33 42
43x46: 53 39 57 50 49 54
41x49: 51 64 46 44 60 47
36x36: 21 28 20 23 24 27
37x37: 21 22 26 26 26 23
50x45: 48 62 53 66 49 69
37x49: 46 42 55 40 49 47
38x42: 30 16 29 25 35 33
42x40: 31 27 27 39 27 31
42x43: 44 54 45 42 46 49
48x43: 49 40 31 36 31 37
35x44: 22 31 23 28 18 31
43x38: 37 42 45 38 49 41
40x39: 25 29 24 31 26 34
37x44: 44 45 57 30 44 34
48x37: 46 49 35 45 45 53
46x37: 47 39 53 43 40 40
45x37: 44 39 33 61 45 32
45x38: 28 33 33 27 30 29
48x45: 40 42 39 33 45 41
36x49: 24 31 35 30 28 43
42x41: 37 34 43 52 41 55
35x47: 30 27 25 26 30 26
36x35: 31 35 33 35 42 19
46x49: 59 49 61 59 56 61
48x49: 44 51 40 36 43 41
41x43: 42 48 50 48 47 38
36x49: 41 43 44 44 62 37
44x36: 32 30 27 25 30 24
49x45: 54 63 47 58 64 54
37x40: 40 38 38 41 28 43
43x35: 29 29 24 25 21 25
44x38: 25 25 29 37 25 27
44x47: 28 34 30 34 46 37
43x49: 64 51 51 50 57 50
45x44: 27 31 36 35 49 31
46x35: 38 23 23 25 32 23
47x39: 49 45 42 51 51 43
50x50: 41 38 34 46 50 46
35x35: 28 11 19 24 22 16
36x46: 52 38 36 42 52 33
38x48: 50 45 50 54 43 39
35x40: 23 39 40 36 39 40
37x39: 33 29 17 28 24 25
48x38: 23 35 39 40 25 29
47x47: 30 49 37 39 34 35
41x47: 55 41 47 50 52 49
43x36: 36 27 25 30 27 22
38x50: 51 48 47 49 52 45
37x47: 29 22 46 33 27 23
40x37: 41 48 40 39 35 28
35x49: 25 33 27 27 30 34
49x37: 38 37 24 33 28 32
45x36: 24 31 36 36 29 24
50x44: 40 38 39 32 43 31
40x39: 38 44 51 34 32 44
44x48: 54 57 68 57 53 39
36x42: 27 29 27 29 29 26
36x48: 35 34 34 37 26 26
36x47: 38 45 44 54 38 42
45x44: 39 59 57 50 33 70
47x42: 56 53 53 46 45 52
37x45: 31 34 26 32 36 21
35x38: 15 22 23 17 20 35
44x50: 40 33 38 40 34 39
37x50: 41 51 55 44 46 50
48x38: 24 47 30 28 27 36
47x40: 56 51 39 50 43 50
50x46: 64 72 52 59 45 65
36x46: 37 43 49 39 49 39
42x49: 38 35 31 33 40 46
46x50: 59 63 63 58 59 54
46x38: 50 41 50 45 38 45
42x41: 28 27 30 30 35 31
44x45: 31 34 26 40 35 44
39x38: 38 40 38 39 41 33
45x42: 35 36 25 55 22 37
36x37: 35 41 33 36 36 26
48x43: 55 55 58 51 43 57
38x37: 36 30 44 33 40 33
40x40: 21 29 32 28 30 28
39x37: 43 47 35 26 35 39
39x45: 37 38 27 33 26 33
47x48: 41 35 34 49 32 48
48x38: 49 50 56 46 33 49
39x35: 32 33 38 48 29 30
38x42: 40 40 37 46 38 44
42x46: 30 35 37 33 41 33
35x35: 17 24 21 13 26 20
40x41: 28 22 28 32 27 32
41x50: 33 31 35 39 35 34
35x46: 35 45 42 43 41 43
46x43: 43 47 53 53 62 46
39x49: 39 29 37 30 36 36
49x41: 49 49 46 59 47 58
50x47: 62 56 57 65 58 62
49x40: 42 27 31 26 44 37
49x35: 48 40 44 40 53 38
37x48: 46 45 44 40 54 44
49x41: 36 44 31 30 42 24
46x43: 36 52 59 44 51 64
40x48: 32 41 38 33 32 31
47x43: 56 54 46 55 44 56
43x40: 27 26 26 25 43 35
46x42: 36 46 47 57 54 56
43x40: 34 27 30 31 32 27
49x44: 30 31 41 39 41 42
36x47: 46 36 47 46 40 44
49x40: 37 32 36 30 37 35
48x45: 47 63 50 67 55 52
44x40: 26 24 33 32 40 26
44x36: 30 39 43 40 42 50
45x36: 44 48 47 40 37 36
39x37: 41 26 37 36 38 41
37x43: 30 19 31 41 29 17
41x35: 35 28 14 23 20 22
35x38: 31 47 36 28 34 33
50x36: 38 37 34 32 18 32
38x49: 43 47 52 54 50 41
42x41: 51 42 41 40 45 45
43x41: 20 30 27 27 36 41
42x44: 52 47 45 53 46 41
41x44: 48 40 45 51 50 42
43x47: 35 35 37 33 38 31
43x36: 37 49 38 38 39 40
40x46: 47 42 61 41 44 49
49x47: 44 34 39 41 45 36
40x37: 31 33 48 30 45 41
38x37: 27 27 20 23 27 20
44x40: 37 53 44 45 51 43
38x38: 26 16 31 20 26 25
45x37: 39 45 41 50 45 37
46x49: 47 53 53 60 55 77
46x42: 60 43 60 46 47 41
41x40: 33 32 27 26 31 20
49x35: 52 48 48 39 36 43
44x40: 31 53 36 47 58 47
49x38: 32 23 39 32 38 28
45x43: 57 48 59 52 39 44
50x49: 54 71 65 56 71 63
49x41: 27 33 35 39 33 40
43x47: 34 34 32 32 34 44
35x48: 54 45 42 31 46 41
39x43: 38 43 49 44 40 45
37x43: 38 36 49 43 32 47
35x45: 45 43 46 34 41 35
36x41: 28 28 33 23 19 25
39x43: 36 49 44 41 39 51
47x41: 26 32 25 35 41 35
38x39: 35 40 33 43 42 35
40x50: 43 50 53 53 54 55
49x37: 52 55 41 45 49 39
35x47: 34 24 29 28 28 22
38x43: 44 48 52 37 43 31
38x37: 22 25 21 26 23 26
46x47: 51 48 49 67 63 52
38x35: 23 15 24 15 29 26
36x36: 27 40 37 41 30 27
50x45: 57 60 56 52 54 68
42x39: 24 34 31 32 35 25
45x45: 52 60 58 51 48 46
38x47: 47 38 54 42 44 49
41x45: 55 49 42 49 46 43
39x41: 36 47 40 44 45 36
41x50: 54 42 48 56 56 56
40x49: 37 54 59 52 50 52
35x48: 40 39 45 37 54 43
38x40: 40 39 46 35 35 40
48x50: 50 40 30 51 45 39
36x50: 64 41 47 48 37 39
50x43: 39 29 37 31 43 44
48x49: 55 53 66 58 68 61
38x36: 40 35 36 27 42 31
47x36: 50 50 39 49 44 30
44x38: 41 48 37 55 34 43
49x36: 36 47 43 44 54 48
40x48: 49 38 30 26 27 38
48x36: 53 48 35 37 50 43
49x43: 37 41 36 41 32 37
40x47: 26 29 40 44 31 25
47x42: 52 54 50 40 57 52
46x47: 47 58 64 55 63 48
49x45: 58 45 69 56 55 55
44x50: 35 25 42 39 46 37
37x48: 28 34 36 30 29 34
41x36: 36 39 32 44 33 43
44x45: 41 40 30 30 37 31
41x42: 37 39 53 36 43 57
45x41: 51 51 46 41 53 43
38x39: 35 35 36 36 51 34
44x39: 34 29 33 29 29 27
35x49: 23 19 24 29 40 41
40x36: 29 32 19 19 29 27
38x35: 29 40 29 39 39 30
38x45: 37 43 42 49 46 46
37x38: 27 23 24 25 24 20
43x47: 58 48 57 58 47 43
41x46: 62 48 45 42 40 53
47x35: 44 44 36 32 48 49
38x35: 25 17 26 21 18 25
48x41: 43 62 40 50 54 56
50x45: 62 65 53 72 44 52
41x38: 32 28 26 21 25 23
35x41: 33 41 35 32 39 42
42x48: 54 63 47 53 39 57
44x36: 51 48 39 27 49 32
42x41: 37 47 51 41 50 41
39x45: 45 49 42 39 55 41
42x50: 55 51 51 60 41 64
43x45: 47 52 45 52 51 51
36x41: 34 28 41 45 37 40
43x44: 49 57 44 52 50 41
48x45: 36 32 44 49 41 38
44x48: 48 46 55 56 66 52
39x37: 21 25 20 34 31 24
45x37: 34 28 28 32 32 25
47x47: 56 40 61 56 63 60
35x38: 29 41 35 42 30 30
47x38: 54 45 46 50 41 39
36x40: 37 40 39 35 35 37
40x47: 32 27 21 42 36 37
40x49: 43 26 37 34 25 42
46x47: 48 59 56 67 43 61
50x49: 42 47 48 49 34 36
45x47: 45 26 34 38 39 42
49x36: 48 55 50 48 31 43
35x44: 44 45 35 39 34 41
36x46: 43 45 29 42 47 48
35x36: 21 16 20 24 28 23
38x40: 38 42 45 41 33 37
42x49: 41 32 27 45 25 53
38x42: 37 41 41 45 39 43
36x36: 38 39 32 36 23 33
47x35: 47 41 50 37 43 36
49x37: 48 40 52 50 52 36
40x35: 35 33 45 29 30 44
41x37: 21 24 29 31 20 30
48x45: 40 38 38 36 45 42
45x47: 59 65 55 49 46 55
36x42: 50 30 35 35 37 43
37x50: 47 42 51 52 36 56
50x44: 49 67 51 61 45 68
48x46: 46 54 42 65 74 56
36x45: 28 29 25 23 41 34
45x38: 41 42 58 39 43 42
43x50: 56 63 52 50 51 61
44x50: 56 48 55 49 54 74
42x41: 45 45 56 35 44 42
44x41: 44 52 44 44 54 41
45x35: 43 50 44 33 34 42
36x42: 42 35 46 32 39 39
43x49: 47 63 53 54 59 51
45x44: 39 29 37 43 35 27
44x48: 51 59 58 48 57 54
36x42: 22 30 32 23 31 29
36x48: 50 46 47 45 37 42
38x50: 51 53 44 61 39 45
42x40: 37 48 42 46 48 39
37x44: 34 41 45 35 46 50
43x37: 49 33 48 38 28 48
38x41: 40 38 38 38 41 44
45x48: 49 42 38 38 39 34
35x44: 33 40 45 38 40 42
50x40: 32 48 31 38 35 24
50x47: 36 44 31 35 46 48
45x39: 27 36 39 43 29 20
40x49: 46 53 46 65 51 41
48x36: 50 37 38 49 35 54
42x39: 40 48 41 44 34 47
41x46: 47 41 53 49 53 46
39x48: 39 50 43 46 46 64
46x40: 50 42 49 46 50 45
43x36: 17 31 28 34 22 35
40x39: 34 47 46 34 39 43
36x41: 23 32 20 31 22 27
36x40: 30 19 24 29 28 25
46x40: 49 62 49 32 48 48
43x44: 51 64 42 42 45 51
49x46: 41 40 40 43 33 43
37x37: 24 25 31 21 18 25
38x49: 38 35 29 30 26 33
50x44: 35 32 45 28 39 45
38x38: 32 36 35 47 36 36
36x45: 30 34 32 30 21 33
37x48: 50 23 46 51 50 47
41x46: 47 48 46 48 54 47
47x40: 52 46 62 34 50 47
37x38: 40 39 40 31 36 32
46x43: 33 34 37 37 33 35
37x41: 25 33 21 23 29 24
38x47: 33 30 31 32 21 32
44x42: 50 58 42 47 54 36
50x44: 39 27 48 40 45 25
42x43: 36 24 32 20 34 50
39x41: 50 48 33 43 49 24
41x45: 50 45 57 42 54 37
35x42: 30 54 45 33 27 43
46x50: 25 43 44 45 38 45
35x48: 32 43 51 44 52 38
49x39: 35 35 23 35 33 46
49x36: 45 31 47 46 36 63
49x37: 36 40 66 46 46 46
47x41: 56 43 44 49 46 56
50x37: 49 57 51 35 48 48
50x36: 53 37 43 38 46 57
39x50: 33 35 39 33 35 32
35x38: 38 33 31 37 38 27
43x44: 33 29 45 34 24 31
40x49: 52 48 50 40 54 57
36x44: 42 41 39 52 41 29
38x37: 19 24 18 30 29 24
48x35: 35 30 29 27 23 31
41x44: 47 51 51 49 38 44
40x39: 37 30 23 29 35 15
36x39: 30 28 27 29 22 19
50x47: 58 57 60 63 59 64
38x37: 15 32 26 17 24 29
43x37: 31 26 32 26 27 26
37x45: 41 51 44 42 39 42
37x39: 38 36 31 30 46 40
49x37: 51 50 44 41 52 42
42x47: 33 44 34 41 28 30
46x45: 50 59 58 47 51 56
35x39: 33 32 31 40 30 43
50x41: 51 54 52 55 57 47
42x39: 40 35 40 48 41 46
44x43: 47 58 33 59 47 48
47x48: 52 55 55 59 62 63
50x42: 45 56 55 54 57 57
35x48: 48 42 40 41 49 38
47x40: 61 49 43 45 47 44
43x47: 47 53 48 62 50 51
47x36: 40 50 46 46 38 43
45x40: 41 29 31 30 28 35
48x41: 41 61 58 55 40 52
35x49: 39 40 59 48 44 35
35x35: 39 26 23 37 33 28
49x40: 40 32 35 35 29 36
47x48: 57 68 48 62 56 58
50x41: 42 36 28 26 39 37
45x45: 52 58 54 42 55 53
38x48: 43 50 42 48 45 53
49x47: 64 50 65 52 69 53
38x49: 34 37 28 28 37 28
46x45: 44 39 40 37 29 35
46x38: 25 27 27 29 36 36
35x48: 47 37 42 33 52 46
43x39: 39 50 42 43 40 46
41x36: 34 41 49 38 27 41
44x46: 51 62 55 51 55 41
41x47: 38 29 34 32 30 31
37x40: 42 32 36 41 27 48
45x42: 46 44 49 50 49 52
39x37: 40 41 40 30 36 37
37x37: 42 36 34 40 31 28
42x38: 40 55 35 40 38 41
47x47: 37 36 39 38 34 40
48x36: 31 42 27 27 33 32
41x46: 58 51 40 43 49 49
35x42: 32 42 26 37 36 53
40x47: 36 45 50 49 51 58
50x49: 34 47 40 43 51 41
44x47: 57 45 60 50 53 52
50x50: 74 62 62 67 61 58
40x41: 24 28 28 24 27 37
44x39: 43 48 49 31 50 45
43x36: 34 40 50 45 40 31
43x49: 34 38 34 37 39 42
36x50: 49 42 53 46 49 38
46x39: 29 36 40 31 35 23
38x50: 36 38 33 34 26 24
41x36: 52 32 33 36 38 34
46x36: 33 36 26 22 34 28
49x39: 42 57 37 55 57 47
47x46: 56 50 54 65 44 62
44x50: 40 50 25 32 36 41
40x46: 36 60 54 43 47 48
38x37: 42 32 40 34 29 39
40x35: 27 18 23 27 18 29
47x46: 56 40 59 63 47 64
41x39: 31 23 23 40 24 28
44x42: 41 27 25 31 33 38
46x37: 27 31 21 39 25 37
47x47: 45 56 56 62 55 66
44x44: 56 55 51 46 37 55
49x48: 37 39 37 50 41 52
48x44: 37 47 35 30 33 41
36x48: 33 28 30 32 34 35
48x42: 35 35 31 44 42 36
38x46: 20 38 23 34 34 31
39x37: 32 30 20 24 21 29
36x45: 41 44 39 47 41 38
35x42: 19 23 20 36 34 22
36x48: 42 37 38 49 46 51
45x44: 62 46 41 58 39 56
42x41: 43 43 44 34 51 50
36x45: 43 40 35 38 48 44
50x35: 42 50 46 44 40 49
37x40: 44 39 35 35 39 36
38x36: 34 34 32 40 36 34
39x46: 32 53 52 48 43 51
43x42: 50 43 51 45 37 52
41x40: 37 43 50 39 44 41
46x36: 36 32 21 34 23 33
43x50: 35 41 43 34 33 38
42x46: 49 53 52 58 44 43
42x50: 25 40 44 35 39 40
41x35: 40 49 40 38 32 26
47x35: 24 23 18 29 25 46
46x36: 37 47 47 40 42 44
49x36: 38 38 33 24 28 31
41x46: 30 20 45 32 42 26
40x43: 38 31 32 29 24 28
35x49: 27 29 25 26 33 36
41x45: 47 50 47 50 41 50
40x43: 49 46 48 45 44 34
44x44: 33 17 35 40 38 33
49x41: 52 40 51 67 52 44
36x39: 41 37 39 37 31 32
47x43: 46 39 29 34 30 31
45x40: 49 51 50 39 42 48
47x37: 32 24 35 27 26 35
50x42: 57 59 63 47 55 45
44x48: 55 68 60 40 52 55
36x46: 46 43 41 34 37 54
43x49: 45 50 51 59 64 54
45x50: 45 36 43 34 34 47
37x40: 21 30 26 33 19 27
39x39: 36 34 34 46 37 45
40x41: 44 38 40 43 43 43
44x38: 25 27 29 22 33 32
35x35: 31 33 31 38 31 25
43x35: 22 23 28 28 29 24
37x42: 38 20 28 27 22 32
44x37: 44 28 49 52 34 41
50x39: 32 35 34 29 46 31
48x45: 49 53 56 52 52 70
38x38: 39 47 35 38 30 36
36x39: 31 38 43 39 33 34
38x47: 50 42 31 54 49 46
47x46: 36 30 41 47 25 45
42x40: 43 49 34 49 38 46
42x40: 27 46 45 45 49 48
46x42: 51 50 53 41 43 60
39x43: 51 45 38 41 33 50
42x43: 44 34 49 44 50 54
44x49: 52 55 55 61 57 52
42x42: 32 28 32 31 47 26
50x44: 57 55 62 54 54 57
45x47: 55 55 55 54 54 53
36x35: 25 11 24 22 20 29
48x45: 46 43 35 35 33 47
36x35: 32 29 31 30 27 44
41x41: 42 35 39 39 55 46
38x48: 30 22 39 32 33 36
41x42: 38 26 36 33 27 21
49x48: 47 40 51 36 41 40
47x49: 49 71 51 82 49 55
43x40: 50 53 41 43 42 38
44x46: 53 49 46 51 55 56
50x38: 25 45 32 31 28 31
35x42: 17 31 24 20 33 29
35x44: 49 45 34 45 30 35
45x45: 48 43 65 62 52 41
44x45: 61 59 55 45 42 46
38x50: 35 26 30 41 17 42
40x40: 43 37 38 45 43 39
45x40: 49 49 46 36 44 54
40x38: 25 22 27 36 20 26
40x42: 33 36 37 26 23 26
37x41: 33 40 31 42 43 44
50x39: 40 50 54 51 54 52
41x35: 21 25 24 22 30 20
44x35: 44 35 40 25 45 47
44x37: 25 24 31 26 32 30
48x42: 37 56 48 58 47 65
38x44: 16 27 30 31 30 33
38x46: 39 50 39 50 43 49
49x48: 60 62 56 61 65 58
46x49: 54 60 59 65 46 64
46x49: 62 51 64 58 51 60
46x37: 43 44 55 41 37 44
47x47: 72 60 50 48 53 57
38x44: 43 48 36 33 50 48
36x35: 39 28 25 33 39 28
47x48: 59 64 44 48 65 67
46x48: 42 28 39 36 56 38
42x50: 60 48 55 64 54 41
50x36: 35 25 44 36 24 27
47x45: 26 41 32 46 36 44
47x48: 56 67 44 64 54 63
41x36: 41 37 38 32 38 41
38x37: 26 25 32 18 25 17
37x41: 25 29 29 23 29 21
47x38: 52 42 47 42 49 42
38x35: 27 15 22 20 28 20
50x42: 50 59 55 60 48 53
43x35: 42 35 40 34 33 47
36x49: 46 49 48 50 46 34
38x35: 34 35 39 31 34 33
40x46: 34 34 28 41 29 28
43x44: 48 47 56 45 41 55
41x40: 31 39 24 29 27 18
42x49: 39 40 41 39 29 35
37x48: 45 50 46 36 41 57
35x45: 37 38 49 34 47 38
45x35: 32 34 24 23 28 23
45x43: 32 36 35 29 41 36
50x47: 30 44 50 34 43 39
36x46: 39 46 42 50 50 29
40x43: 31 35 20 34 28 34
43x36: 37 51 43 32 46 33
35x47: 42 46 38 37 42 49
49x39: 54 41 57 49 48 44
49x44: 61 52 56 51 59 52
45x46: 47 72 67 50 44 46
38x49: 36 43 44 49 59 54
39x49: 31 37 34 37 29 39
38x41: 33 43 42 45 35 43
44x37: 29 34 25 27 24 28
49x42: 58 48 49 54 56 50
46x40: 51 45 50 47 42 48
48x45: 44 36 53 32 28 46
37x43: 21 24 35 28 35 25
48x47: 55 64 58 59 59 54
46x38: 48 49 43 40 48 42
43x35: 27 22 28 32 19 25
38x48: 39 23 32 32 32 34
36x46: 35 29 49 49 44 46
40x48: 52 53 52 52 46 42
44x36: 38 44 41 41 43 38
43x50: 42 46 30 47 30 29
43x41: 34 34 33 23 36 22
48x47: 62 55 53 69 44 63
49x47: 32 50 41 46 40 31
40x40: 29 31 27 22 23 37
42x36: 33 43 39 36 39 44
45x45: 61 40 50 65 33 59
35x45: 45 35 33 47 45 35
48x41: 38 59 53 48 53 55
47x47: 41 29 39 38 34 44
37x43: 30 31 30 33 25 18
40x41: 26 37 21 34 25 26
47x44: 42 52 52 57 52 63
44x49: 32 40 41 37 40 34
48x49: 59 57 44 74 70 55
39x49: 55 49 39 51 42 57
45x38: 42 54 50 38 49 34
37x42: 47 38 34 43 38 38
43x50: 54 54 64 51 62 47
46x40: 53 42 48 51 43 45
41x47: 45 42 53 59 40 56
35x44: 22 29 32 22 21 28
41x35: 21 26 25 30 22 19
37x40: 39 37 34 39 41 37
47x48: 78 47 43 48 64 62
45x46: 32 39 46 36 30 41
41x36: 40 40 23 42 35 46
40x35: 42 39 46 29 31 31
45x38: 34 29 44 22 28 23
48x47: 69 63 53 58 53 52
40x46: 47 42 49 47 48 49
41x48: 36 28 35 36 39 34
38x35: 44 26 37 27 34 35
36x42: 27 28 35 18 28 32
35x50: 27 32 30 28 29 30
42x42: 57 42 46 46 35 45
35x38: 25 21 18 22 23 22
41x47: 38 39 29 29 28 32
38x40: 31 42 33 48 37 43
47x42: 32 32 35 39 37 35
42x35: 27 21 32 18 30 25
45x43: 34 47 34 29 31 34
37x42: 33 23 32 27 28 25
43x47: 40 30 33 33 36 37
40x39: 28 32 26 28 35 20
50x44: 63 67 52 53 39 67
46x41: 41 45 45 52 58 48
43x42: 44 51 43 50 50 41
37x38: 29 27 17 19 23 28
42x44: 46 42 54 55 49 38
48x44: 67 58 52 48 55 46
41x37: 36 41 44 38 35 41
43x37: 41 43 44 37 30 51
38x45: 52 47 43 52 30 40
44x44: 30 32 30 28 43 32
39x46: 41 30 39 27 30 27
47x50: 47 58 67 51 68 71
48x45: 39 34 40 42 38 46
42x48: 42 42 36 36 32 36
37x37: 41 42 36 32 29 33
46x50: 44 38 37 33 40 48
40x40: 47 37 46 36 43 37
40x35: 28 24 23 26 21 20
47x43: 34 37 39 29 33 38
44x37: 40 40 48 43 42 38
48x38: 54 27 22 27 38 24
37x44: 38 46 35 48 44 40
35x46: 41 39 45 39 49 35
36x40: 37 32 41 36 36 39
44x40: 46 47 49 40 44 46
49x41: 29 38 38 35 41 27
42x37: 38 38 47 33 44 40
46x43: 45 53 42 49 53 62
37x49: 57 43 51 51 41 36
50x50: 58 64 78 54 65 68
47x44: 42 36 28 34 32 37
45x42: 33 46 33 26 37 35
50x38: 51 46 49 47 45 54
45x37: 36 41 44 56 44 35
50x46: 54 61 67 67 51 56
43x47: 55 55 50 51 51 50
40x50: 39 38 40 29 30 32
44x45: 35 38 25 38 38 35
44x41: 48 44 45 43 56 41
44x48: 44 29 44 36 40 30
36x45: 27 32 26 34 40 20
47x45: 54 63 52 59 51 49
35x40: 32 25 17 25 20 24
46x43: 44 43 49 56 51 59
45x49: 43 35 39 41 50 31
39x36: 40 32 35 29 45 34
46x47: 54 60 53 52 48 67
49x36: 42 53 54 33 45 48
49x38: 42 54 50 40 48 55
49x46: 64 59 56 56 55 57
42x43: 43 30 42 21 33 27
50x46: 54 74 49 53 64 63
41x50: 25 36 46 34 31 35
49x37: 54 58 42 49 44 35
45x38: 49 51 48 35 41 42
40x47: 34 31 37 30 36 27
38x35: 19 16 20 35 18 23
35x39: 18 14 30 30 29 21
38x47: 27 27 33 28 34 30
38x46: 25 30 22 43 26 33
43x49: 50 50 59 53 60 52
44x46: 60 47 56 48 46 54
40x44: 43 45 51 42 39 52
38x41: 25 27 23 19 36 25
40x39: 24 31 27 31 26 29
38x46: 39 56 43 52 43 39
44x45: 23 32 39 33 32 50
50x37: 36 57 56 42 57 41
48x44: 52 57 53 48 60 56
38x42: 44 32 45 49 35 39
36x37: 24 18 23 28 30 21
36x44: 21 22 32 33 32 28
48x35: 30 33 25 24 27 37
43x42: 58 45 42 52 38 42
40x40: 27 29 28 32 27 26
48x41: 49 48 49 49 54 53
40x39: 24 25 31 33 30 26
42x43: 44 48 48 42 52 45
44x48: 48 52 58 57 56 54
42x38: 49 45 33 40 46 33
41x43: 30 34 32 24 28 33
36x41: 42 40 44 38 30 35
37x48: 41 43 48 44 50 47
46x40: 27 28 30 34 33 42
35x36: 29 26 36 44 28 30
44x43: 50 46 57 45 46 48
47x44: 55 55 54 47 57 51
49x45: 49 57 53 61 59 60
44x45: 38 38 23 36 31 43
46x46: 61 50 51 52 54 56
41x44: 55 42 36 47 42 53
43x47: 32 39 35 30 36 37
49x46: 44 38 41 43 36 37
42x37: 26 34 30 22 29 26
38x47: 36 24 34 26 27 33
49x41: 46 47 66 45 47 59
38x45: 34 38 45 53 46 46
44x47: 27 42 33 24 51 33
46x45: 51 50 60 55 57 46
40x48: 34 35 43 29 36 30
49x46: 47 54 65 62 53 66
44x41: 46 40 46 42 53 49
41x40: 32 31 17 33 27 29
35x46: 44 35 34 44 46 42
37x49: 36 26 37 24 32 37
47x37: 32 26 25 42 25 29
42x37: 44 42 41 32 46 35
46x45: 35 40 36 30 40 43
40x38: 26 21 27 25 26 30
49x38: 45 45 49 47 46 54
43x50: 54 60 51 54 62 51
41x50: 30 31 40 39 33 35
45x43: 41 33 27 36 41 32
38x37: 20 20 22 28 26 28
40x37: 13 20 34 29 34 25
35x43: 44 49 34 38 34 35
39x37: 31 37 36 43 43 32
42x37: 34 27 31 20 32 24
48x41: 38 36 25 31 35 43
42x37: 33 39 46 42 32 48
35x47: 30 33 31 22 28 21
47x40: 36 33 37 28 27 34
37x42: 37 18 32 25 26 30
39x39: 29 45 38 40 45 39