15315946
1066000
7610979
5290732
5803396
8838504
5167228
16542790
2934271
13021386
10593252
10745778
13096918
3339257
11818049
16429165
5117540
9616075
4324446
359263
15051934
2868173
7591397
9702750
14776584
6153468
7407896
15945922
6969748
12561631
6136008
9154260
6737054
15327077
1428073
13335227
7581032
10041477
8301853
9122366
2767487
3060323
5776662
12431836
2912796
6777642
1295814
732057
5213187
5980446
5447826
251728
3166316
11467656
3316453
6911570
15079544
7347773
13861040
6963151
8467756
2993448
4625253
5789088
13080124
11444024
15297713
10880745
16453874
1480006
3126059
1035634
15487276
12500030
1677617
10934392
5437930
9915084
14313281
12202617
5304311
3120141
15015409
4393858
6903602
1108876
619681
11777369
15010167
11054262
12108791
4097882
8113300
13662821
13869541
12886665
2249381
7986101
14494721
8436043
14490882
12477317
11861914
13055481
11150674
15655233
14069960
14278294
4794791
12250474
8777332
6436608
3704622
12035149
1989641
5510163
10457845
10159831
4599314
8328864
5812296
10124828
12888284
7010878
13127805
5520227
5528220
7012274
13850525
14456276
9249099
16730622
11981818
3121618
16272117
2239994
10929110
2534922
4925605
15627251
1178468
1200355
3849394
8124096
1689031
15437723
11564941
8212884
15021418
5263546
1746593
6173417
4938198
6864597
193094
14290155
12962606
2037918
10511887
15609890
11842789
7625039
5084455
15249717
2900377
6451751
3851926
3666997
7141584
384098
7943881
6116418
8991798
9704599
4038561
2913020
12235820
12133795
8639192
1340879
9366226
6780032
12152426
5528854
8366160
7946340
914445
3674030
1915616
2104677
192179
12149464
1513559
4424837
7841613
5365509
2622680
14513291
11485160
12397714
16522026
2436258
11216230
16100478
6147473
11337107
6070259
12705455
4330030
12311283
13177954
2410135
10195668
12198683
10170484
6276536
13729216
13927893
15656187
11435775
7014938
925454
4363942
15514576
2945027
6682216
8479767
6572339
9762755
16115656
8425885
13500078
8705592
11953443
4856794
10032688
9321638
10813628
13622818
13140636
7551011
8704479
3117890
16037522
14128985
8828625
4844269
2774169
6055084
11695658
2154180
2976208
12969486
10725913
8190831
2446102
5818953
9118316
5916662
4148986
324953
11505676
9790190
1993315
1241432
10123179
2168238
9513153
497597
5296892
1670446
1218391
2405887
15188340
9286052
14537735
2810218
859370
5436775
6043721
14317235
11449542
2853891
9039312
8909555
6354276
2672565
7580108
13759482
12356209
9646323
6386398
12434787
12280734
12727509
1036887
13178254
5950676
9373584
3383489
12753299
7929709
5217112
4986197
4239474
14664287
11150668
15601065
9464843
9176405
13554964
1780648
14074146
3383255
8815670
3197379
15425120
3857234
13849343
3249465
3429485
15965871
13811240
3304052
13694550
1572230
13286730
3456138
2068764
10007933
2175565
2759988
754356
8749959
7821533
10320626
16120835
7668190
7941643
15682912
5535000
2316381
253697
2322804
796568
8844486
1070524
11666883
348078
14014711
2543472
171987
6457247
16516001
990526
1639469
8932652
12637754
12423295
11389147
9115937
6947380
697297
16282337
3659993
14479690
4451505
12880002
8844846
3562151
7125567
3827996
15223837
16577101
9611348
1148373
9159836
1252001
11288013
14332307
7878221
12325706
9176447
11133006
6239824
2309619
673257
11264807
13808444
1262152
2824221
15916443
4753718
1687714
1435170
3839385
9503811
9049960
13944640
3797595
2956412
12571605
5142865
14313881
180023
7513379
14238853
4687334
3393598
4723335
10325625
11516138
9991716
352841
2661817
2508454
7515165
3064942
10986337
7999732
2472479
3028740
11458684
8227351
8954118
14425846
7593050
202634
12110613
9645944
16106276
13961442
11428260
13698519
2022441
10037043
5383663
7110710
13783454
16600390
13227182
12520980
15844003
15125947
4485613
287274
7665783
8412972
4041627
3110880
8399843
14312807
4066692
1168694
6423522
13999904
11845615
16151891
16305572
736899
2534067
10195483
4875238
8803990
1130659
6710619
8258485
4471977
8587795
12344805
1888882
16140704
7723227
16624589
11157503
5793927
1766284
7703172
2528158
16288655
2523254
9404687
3794472
6603875
6818576
12696001
9329602
9502110
2596505
12743996
4365881
372549
3215135
3731754
16065206
8139804
14585305
6714422
2334042
14372850
14315156
12957507
9688798
5506105
14706961
6936971
16566026
14147234
8581749
10701696
12320345
15118830
11227019
16356510
3398883
6959523
10975288
1643601
5398513
10722071
15009431
2981629
4011611
11054798
3369041
8722405
4835624
6574668
10880551
6281302
13675896
1356035
1225828
310724
1110530
1335675
11376015
15031531
5214472
1609350
374781
536829
5855958
14836188
1615109
8953086
16089152
1489546
5854751
10585099
9161704
10927163
15042559
1907995
10753873
16054695
3677588
7811354
14014964
2439739
16686089
13326505
6440932
10440349
14163278
15579877
11173500
11966082
10567464
11010483
4725763
15147548
7102909
15338436
4484610
11956083
1130615
12503639
15496538
9844201
12505968
2734642
11100668
8021363
4795656
4695485
14556770
2634025
12148452
7050070
9045932
10404681
13075121
6602764
5256801
14483736
9694420
12563932
2928809
8770725
1436126
11365958
10069185
8382213
4571627
8855728
11484486
9634910
9182971
14223478
15061949
14604756
547901
5563096
13304989
13500780
1715108
15860249
12875222
14802642
16110667
7541516
3783035
16154414
15922983
239159
5147936
5516081
12789516
9527106
685787
16427783
2559356
6659595
15617734
3226860
2465209
1990106
3422782
599779
10994507
14670520
14667996
8562532
3786710
14930827
12656017
1392032
1217823
2333666
13874154
1445260
5253945
14342854
2727394
14621698
8636256
9248422
6892857
8368342
10349947
5718722
8464281
14163488
2745398
328152
8256075
1120716
4475309
9409990
8453244
4503279
14400481
957941
10279315
1748108
10134699
983033
6443822
5250277
14287801
11759791
4859859
817400
4096480
7719245
1067889
6929484
1873758
7556488
3028264
8274925
6060527
3817150
4980186
5862728
14268223
476770
13092925
1745985
15311872
15909006
13535552
1564967
1402638
16527469
8329632
13179869
369186
7484584
12094362
5324795
5260868
14895980
10769590
3887807
5681302
1594840
913286
14304526
12182603
3400364
6053707
526121
11843425
13451780
6841151
1031749
13805931
6275239
347193
4383697
3042552
10830607
8530228
3868654
2553112
2883511
3240221
5716568
10885240
3348374
9453058
13722641
4458939
13116357
1350308
4234711
14577963
14416437
2099975
762320
1164690
7371369
10636891
4032204
882888
10833779
8521810
14812887
12451784
13926491
11299974
231225
8191302
5651476
9030698
6300274
2861146
4226214
9623553
5382969
12365467
10710767
13701595
16324441
4489444
3187598
4918683
9773014
7758918
10691320
9190687
12517037
16542719
1303691
14665704
13830010
13651453
12634027
7195330
12143682
13428794
591952
12251154
13942969
8411744
9754500
16317140
8556989
3822425
10876220
7679896
13984190
12197380
1846706
4246555
12821391
14748138
7393845
4225658
7989305
4781251
4629924
13048826
9762908
10772187
16208196
7593177
731908
9107092
6092982
4221338
4137180
15646232
11119848
834161
2963551
13150430
6006668
5985927
16673722
201957
15783058
9863679
6316283
6100120
6047328
887414
13381253
16110071
10872363
5609988
9530803
5904656
1293531
5249920
15057474
11368196
11297807
983011
16378673
2060983
10023863
8259461
5375898
4836551
6330493
6796754
5837909
13761752
1049547
3516143
15744069
13062706
9455814
7450531
3649952
3683455
1983399
12602520
266419
7239377
14236749
6779352
12009848
6222466
16616068
360979
4014710
2070540
11873446
9701897
12511885
12300804
8693909
15039235
10257815
7180375
13858254
12217091
15144747
13797438
8810110
5404111
5389369
4255481
4869860
5081786
15410630
3092993
3385106
445285
12542398
1025657
10057047
4711279
8870023
10898107
1515519
7826248
12723158
5908309
15009254
8727828
15342386
254054
16598949
5401768
13363622
13988893
7258219
15877991
16176164
14624565
8847279
3881152
6422135
13616012
795862
1794242
7193277
6295397
13438381
12688947
12630791
12762305
8042826
2058518
1698553
9891582
11340873
11720871
4120074
12271917
4283072
7066642
14138264
13914356
16116056
3228505
15583706
2166610
4438819
430325
16578947
14633591
4380253
7014630
13734643
11161849
8397134
10088953
3311831
16742090
6036152
1158658
9121849
15097583
729306
3735788
7661902
3729807
13070381
16633953
1029016
6007784
15290656
14053844
5155166
6031054
9403368
1826437
7681813
8839086
10882154
10422323
8696020
13713322
5214120
12576946
3612613
5288740
16249265
4839133
15929651
11088389
8792144
9565888
11369933
1250643
11158747
12010974
3803058
5413133
4429936
1542677
11445738
6981887
10574560
6241634
16124439
12377076
9762560
138853
6203024
2130433
15728846
16594994
6100282
14669757
10470402
10590106
3797038
15782113
1981958
10113957
8847754
9814139
13155869
9737855
7302560
15000294
14480299
11777697
16277331
10134994
3808760
6400385
4087645
11912234
5090478
3071105
3099158
280102
14079342
7289395
233835
5859541
15758171
7566474
12828605
13265736
16091734
6222808
1571241
3197458
15512285
15964607
4150780
5376765
2936315
9972402
6058361
5954277
8129696
4270767
13280676
7722311
2526207
10192712
9114444
13254779
1088249
9960488
10842424
11647424
14603465
7136362
444982
3739906
9001993
951641
223633
1850594
5505333
4778532
14472950
12624833
9269569
16480075
7110873
5911975
9680552
11041642
3961749
1160304
5865844
14316868
9501103
12827466
4295737
8292264
2774046
3588989
7068898
3593982
5819829
9546387
8452895
7683329
15632513
14267475
16253998
15532343
16229479
11549058
14999042
390002
15677731
7483969
6349984
10974358
7364721
3051449
3476590
1275027
15326517
2120737
13925805
12858970
7554909
4671874
10393862
14450488
450382
7118415
15971615
1026519
6026470
2632389
13165221
561575
15018594
11696666
5628127
12801341
2664630
1578712
15794722
10035372
5361309
934212
15662776
9920410
14748379
5349748
10364885
15691054
9949995
15041451
14267407
12769698
1130694
1064126
8795543
12395939
221050
13440190
852208
4527663
16587286
6301609
13388636
5368830
1158150
1058258
11473767
15956726
11287048
3526569
4003360
11383917
3317816
10484217
2021763
4015476
4943815
12474358
15235654
1162381
15312995
6238069
13160964
13353860
14871930
8677458
8891423
15177318
1647728
5014115
2960646
13595302
12499787
15352991
13497027
7433688
2020668
5850038
6524843
15162468
11313478
12877359
7154402
9194177
4449339
10585898
2735908
4577766
16306245
5066518
8104126
11967888
8947312
7422520
13637898
1616922
6213581
7724913
13586943
7528329
8245559
3423679
4264048
12585340
10134546
13128684
4698496
13728626
7216383
10015586
1697947
321014
12500226
2331759
15622348
5541598
5326704
8058709
16160720
13782222
6687891
8534336
15625334
11624417
8801304
12977816
3350044
1976360
3711012
12647564
3690989
12623456
5308444
9582933
8891781
8865038
2770509
8809882
4775691
2208690
6505220
12349547
15647387
13158024
12724169
15299225
13735158
15367904
10267692
15621323
3456447
16289190
11257832
6055248
9648531
5105457
3711458
10467010
16101153
16277533
7446083
738985
9501736
8563263
4644030
12673738
8902870
13290066
1534205
11314256
12319581
5944928
5742405
1898748
5630960
10542427
11433062
14965603
2364493
2506120
8609629
15084489
11876115
589053
10379843
8741489
764878
10385520
15287456
2884104
9035354
12252432
9402516
16659652
11574429
2542911
14726173
9551868
9160211
4620623
6958352
14702642
302748
7452775
11937679
12497524
1055534
13456917
14057526
13289061
4674761
10842610
14730131
1758872
11752902
1739765
15255604
8307190
8894753
10802445
16549369
14323835
13251526
2036659
8964472
11718442
11917078
4688628
11172512
9652769
3111677
2722720
2713643
3418040
7253699
1107465
12397321
15068160
15225759
619195
2415472
5509237
13415570
16201049
12677650
1877922
4832664
7358909
13441192
3667766
2468469
13083699
15270650
4162698
197782
2667868
15215247
8859344
952676
9762089
15747110
427748
7678027
9185513
13129078
2326160
1432401
15569700
6210502
5578550
9957301
4522925
12601201
1477124
4603696
6655690
13488600
4774295
12767223
1531665
15605942
9917802
14277195
2959870
10719391
14351004
4845719
3411701
11066886
2415286
11678609
11701921
9226769
14802814
15755421
6785368
16424043
13419126
9068279
4667751
13172302
13995700
4608368
2067874
12405516
12313462
9271476
16612586
468140
1240451
4029934
5142447
12103020
8072072
9517420
6442176
15228511
8816300
14583196
14822912
4066790
459585
3008003
9386957
2730832
9352659
7824742
9473568
4959647
13966864
15599423
14566546
1881898
9265850
4929745
7609764
2743502
718724
1912552
6458792
3803688
3227369
622608
4430299
14136216
10354206
13736336
15394870
15748791
12562406
15010025
8110992
5742936
1678226
13415855
11944333
9499245
10958736
14344660
4749298
1078669
7793100
14451259
2993328
11677296
8274887
9748543
10537741
1844050
3011476
13455478
12256256
13203657
3266021
6681701
9137109
4738457
16310065
9616911
2125512
230841
9464386
1205925
2825539
14395385
14962923
10597953
1987048
8672664
7597894
4205505
13140861
3564902
4829883
11924017
1334869
10637648
14250804
3931895
15394689
3754889
15064597
10996249
7834549
3222775
15103811
352851
15525720
7638819
1238036
10433160
14670020
7220630
6589985
12732223
11553860
9657123
13524992
11434573
14919369
9274548
7738242
7074462
6779880
6214106
3858284
13158216
12021975
14006687
9331152
12538231
9755885
2716936
16677597
2058693
3635980
13012497
4125340
13902990
15760150
16002837
11843914
2221970
11526553
7237930
7032296
936670
16415295
439607
14960735
14489971
9710271
6318433
10327024
11863131
11668300
13608933
3404491
14147375
15739533
5268323
9618557
8079339
1358208
8500306
9538948
5490644
7774857
5835132
15511155
10762498
12032562
5769020
11228253
12686691
10130196
7122056
16099741
2976462
2321509
1416940
12606914
3062930
5550003
3824907
10216562
15855705
2453814
12482460
15822071
8121041
13554441
1120352
7939788
12139158
16279976
11086627
10516927
13841973
7449258
16049069
9073232
620221
10467774
8612389
14205885
15524994
8068762
2806664
5955714
14975207
5387361
12956313
16201585
10465267
9974695
13194483
14059069
16420946
14190364
6870261
9652775
14621178
12407637
2331042
12385176
164932
16556047
2897601
8602047
5485972
12320676
9273141
8351454
1386976
3128372
3165926
5250202
11426924
1639530
5246544
13492402
5436669
1707867
12817796
10419610
6159216
13120371
1967165
8408823
3569478
13314782
8851097
4988797
6425861
12231726
5263117
5843873
615085
11889558
308291
10347144
14807175
1723168
13375950
6325252
6165894
13028088
15684330
13600450
11081799
10193104
14650337
13546684
10653773
11039468
1238825
6067376
10584231
6491006
1045501
4877776
11617896
2254655
9845419
13882857
8981642
3017283
15803620
1319468
13925610
7568208
6183647
15666771
2440379
424948
12582758
2278658
13491124
10722766
5673409
4286075
11747720
14710633
1280676
8580926
4159205
7555104
7849611
9152200
14196513
1271420
12489021
4206241
5236743
16421476
7379350
590591
14452488
13443180
7438168
1595291
9310171
13308034
4992054
15549670
16622114
8281057
12530475
11680399
12634944
10432600
10900197
9544801
8999074
2045018
1021686
10228870
14632723
12211315
2157949
16026351
8674943
4569644
9187601
4094724
7712894
5265996
12406489
3137496
1692819
2994155
14900244
4741643
7717014
4824729
15465121
3361262
4778009
8500049
1609368
7463667
15537091
4449683
10784140
9573183
6626189
1114033
4260392
1203920
8835269
15557102
9636493
5447336
11850255
1444511
9181557
13657374
5226320
12218323
8379883
3883132
5396130
5503431
13849583
9573587
12917036
9373049
8059235
16099481
12909325
16668288
782371
10510209
10492242
15876721
3732465
883501
8138225
7241917
7165085
10503980
8531551
441655
15140029
16567795
7235624
12330794
1550955
10758426
13630621
13789327
5036523
15751426
15661912
2571698
9375917
8687957
15462387
4369257
7829979
4417890
2726912
5129753
3228637
12505942
7282617
8891297
14194486
10497157
9768112
664473
6277854
7882170
4393449
723302
6811561
6268243
13290423
3426336
13263730
2379889
4677294
9418384
6614177
15041786
11931628
3198772
8945464
753241
6863047
6304438
15453420
5421864
6208749
7868429
12003782
1864866
16364221
11944520
13704600
16767709
5718638
10114533
8169473
7017467
7949419
9516169
7485418
4614789
15504882
8962853
9603149
6035679
12584910
6158748
2611658
6676349
3907990
14936405
6533808
11424257
3573659
9086857
10796422
14048953
5217840
5330301
9719683
9565495
5557659
5347963
2184511
16016815
12769925
7157236
3871445
6864078
9206340
5052924
5995997
8730681
2845897
3953697
7512589
2771141
7250573
10836617
12786928
14702996
16332577
3334738
15753466
2474178
10679418
10473538
11742286
3174451
11961206
1184537
3799768
7726399
5240407
5903620
7452111
13090174
7751234
16192848
9073532
10592214
1781800
6693297
569605
12831808
16176023
14017863
4748333
12235798
3539521
12273673
3118154
13705700
15826216
8349992
9166684
13923275
7786369
2176958
8894970
8689703
7940988
2262046
13925824
13191984
12973366
13395759
1735238
13012603
12292124
14627150
4509449
1678060
14863902
9532804
10029414
8936377
13109736
9129256
11055026
2139970
13021567
2328951
4704661
7754328
5816402
5142821
11640094
1140085
12485342
9194916
5427121
6308554
3134921
2980720
15853711
13017523
11074109
16709784
8640729
14528823
253177
14393749
1253661
1988997
10506360
5688444
11198174
16510266
7075886
5767866
6579267
6633510
12938905
10790816
11131121
15524816
14890382
328557
6495264
7791536
13312712
3579059
3933538
4578591
7329387
15872667
16382471
3160976
5583019
1316594
9394379
13853004
2374496
228523
6206336
3787300
4150995
707617
10575491
16201982
6171265
2934627
2305863
12483825
7312922
12626834
12187069
3205067
3543118
5787275
12347256
473194
13577088
595724
15197730
12851237
5158835
6721252
1461626
15535516
11714676
16383959
6243917
10304009
311485
16003713
12612542
375232
547089
16777154
8920578
12390161
9820506
10045195
11086079
4237593
5405503
15545191
5803380
6555668
13919941
14879739
6031377
5896194
11267400
12679297
13963912
9056767
9759215
8969303
15451874
8576676
10763711
10207380
1655898
5503263
1242264
7937282
7292613
7181622
3082836
7824835
232692
16466812
4980813
8564258
4165542
10227773
9088632
3267856
13174919
1002605
4908063
6038453
16217922
9631148
6596194
2670300
16498954
15484196
3604779
9567948
13647102
12508504
3311202
8252403
1506448
4458317
1739218
15615640
2906750
15028401
4975100
11113194
13452351
9117806
3506890
5518768
11350152
7933723
799198
9176866
5515577
10823228
13453507
15349180
13176685
7593444
12208908
11122734
5282902
7904652
7897318
14096636
12411249
4955195
593242
9577990
650512
10209036
15689188
3368641
3700075
423191
3932835
10972073
5452660
6446702
12476114
4105566
6917922
13294194
6986677
12380066
460926
16302646
1226889
3461545
2521755
2193109
7797625
16557854
8781746
15930325
5846484
16492934
12576473
7959433
12293199
9471480
9131094
3713336
8123928
6165650
12928067
1201012
15324952
5731178
13151268
5218945
12381625
16239491
5753405
12727288
12330724
14088401
3518675
16752653
10868475
7889973
14982936
1410761
13903825
3079471
11702613
6778486
11148696
14884347
4056302
15223080
5788424
6802899
10828568
526273
9622212
15740747
7054733
16146026
8944985
3191261
7097153
15303259
1454814
8842034
11812616
12518718
16036210
2997240
2643742
8024089
7582093
6412997
526862
12476562
10248747
10627855
3685060
10209514
7003263
15260658
10058399
7585424
11635947
4421714
12688418
9487957
3453066
14777565
1569597
3254679
10741653
2895427
4178044
4525702
14563435
8593476
10349110
14147744
5482755
1102387
7614855
16004871
13662171
15924474
1366049
5182968
6545033
9733860
8290093
10223832
13680955
14663688
12758570
15123644
758903
10919078
9742896
1620234
9936784
1015417
346702
1609478
11623200
6815928
14971801
13951635
8485390
7256418
12224281
7104560
5367123
15166271
9366612
11319171
11600358
2260026
12917770
2969634
7774420
8603798
733127
11348291
9983652
5509880
1805116
1152529
7748804
2140233
7418825
14078219
10131647
9599771
3330145
2325144
7935350
194948
526291
2472769
4742580
8816662
8809663
4168354
10907825
2034245
769223
13181412
6956110
8829242
7127865
10472967
15423705
1350685
5668392
4850612
16548719
9368734
4161292
9246284
9222395
585414
9577761
14618440
153853
8831000
14284632
9689969
15474485
10739296
13352246
11637423
15579720
10364629
12265742
10946104
13188735
5939363
594425
7866840
9622157
12992400
9959528
2263253
6417476
15387082
486564
9666407
16398314
15351047
3732084
15636592
15002065
14684036
13903853
998683
1346154